
0000000011111111000000000110011000001110010111000110110001010100
0000111001011100011011000101010001001101100101011010011010101111
0100110110010101101001101010111100000110001101111011111010100101
0000011000110111101111101010010111000110001011001010111010000100
1100011000101100101011101000010010100001100111011100100111110011
1010000110011101110010011111001100101010010011011001001010110011
0010101001001101100100101011001111110000011111101011000001011110
1111000001111110101100000101111000000100110110001111100110010011
0000010011011000111110011001001100100010000101100011101010000000
0010001000010110001110101000000011011111111010111101001111100011
1101111111101011110100111110001100111101011111001010001010100111
0011110101111100101000101010011110110000000111100000110000000101
1011000000011110000011000000010110101101011010011010101110101010
1010110101101001101010111010101010110011100011011110000111110000
1011001110001101111000011111000001101001111010010001011110101101
1111011000001001110001100010100001101001111010010001011110101101

0000000000001111000000000000101011111100011010110001000111101000
1111110001101011000100011110100001101101110010101000100011010110
0110110111001010100010001101011001011100100101111100001000010111
0101110010010111110000100001011111001001011101101100101001100111
1100100101110110110010100110011101111000001110001011100101110010
0111100000111000101110010111001011001100101000101111111001010001
1100110010100010111111100101000100010110101110101111111010001110
0001011010111010111111101000111001101010000010111110011010000001
0110101000001011111001101000000110010100101111001101111001000101
1001010010111100110111100100010110000010000100100100010001100001
1000001000010010010001000110000111011111001110010100100110010000
1101111100111001010010011001000001100111111101110100001001111010
0110011111110111010000100111101000000111000111100001000111101101
0000011100011110000100011110110110111111000000101001101111101011
1011111100000010100110111110101111011011100101001001011011100001
0000011000011001011000111101111011011011100101001001011011100001

1011101001001100010011101011001101001000111000111110010001100110
1001011011001101011010011001000110111001000001101000011110101011
